world: 80f54fa7-017d-4872-a9f2-3e9a774c1011
world-name: world
x: 148.5
y: 66.0
z: 435.5
yaw: -0.6490307450294495
pitch: 13.799992561340332
name: spawn
lastowner: 98ce53bd-043f-3f09-9485-5556e0b8e17e
